0 2147483647 2147483647 
1 2147483647 2147483647 
2 2147483647 2147483647 


0 2147483647 2147483647 
1 2147483647 2147483647 
2 3 2147483647 


0 2147483647 2147483647 
1 2147483647 2147483647 
2 3 4 


0 2147483647 2147483647 
1 2147483647 2147483647 
2 3 4 


0 2147483647 2147483647 
1 2147483647 5 
2 3 4 


0 2147483647 2147483647 
1 2147483647 5 
2 3 4 


0 2147483647 6 
1 2147483647 5 
2 3 4 


0 2147483647 6 
1 2147483647 5 
2 3 4 


0 2147483647 6 
1 2147483647 5 
2 3 4 


0 7 6 
1 8 5 
2 3 4 


0 7 6 
1 8 5 
2 3 4 


0 7 6 
1 8 5 
2 3 4 


0 7 6 
1 8 5 
2 3 4 


0 7 6 
1 8 5 
2 3 4 


0 7 6 
1 8 5 
2 3 4 


0 7 6 
1 8 5 
2 3 4 


0 7 6 
1 8 5 
2 3 4 


0 7 6 
1 8 5 
2 3 4 


0 7 6 
1 8 5 
2 3 4 


0 7 6 
1 6 5 
2 3 4 


0 7 6 
1 6 5 
2 3 4 


0 7 6 
1 6 5 
2 3 4 


0 7 6 
1 6 5 
2 3 4 


0 7 6 
1 6 5 
2 3 4 


0 7 6 
1 6 5 
2 3 4 


0 7 6 
1 6 5 
2 3 4 


0 7 6 
1 6 5 
2 3 4 


0 7 6 
1 4 5 
2 3 4 


0 7 6 
1 4 5 
2 3 4 


0 5 6 
1 4 5 
2 3 4 


0 5 6 
1 4 5 
2 3 4 


0 5 6 
1 4 5 
2 3 4 


0 5 6 
1 4 5 
2 3 4 


0 5 6 
1 4 5 
2 3 4 


0 5 6 
1 4 5 
2 3 4 


0 5 6 
1 4 5 
2 3 4 


0 5 6 
1 4 5 
2 3 4 


0 5 6 
1 4 5 
2 3 4 


0 5 6 
1 4 5 
2 3 4 


0 5 6 
1 4 5 
2 3 4 


0 5 6 
1 4 5 
2 3 4 


0 5 6 
1 2 5 
2 3 4 


0 5 6 
1 2 3 
2 3 4 


0 5 6 
1 2 3 
2 3 4 


0 5 4 
1 2 3 
2 3 4 


0 5 4 
1 2 3 
2 3 4 


0 5 4 
1 2 3 
2 3 4 


0 5 4 
1 2 3 
2 3 4 


0 5 4 
1 2 3 
2 3 4 


0 5 4 
1 2 3 
2 3 4 


0 5 4 
1 2 3 
2 3 4 


0 3 4 
1 2 3 
2 3 4 


0 3 4 
1 2 3 
2 3 4 


0 3 4 
1 2 3 
2 3 4 


0 3 4 
1 2 3 
2 3 4 


0 3 4 
1 2 3 
2 3 4 


0 3 4 
1 2 3 
2 3 4 


0 3 4 
1 2 3 
2 3 4 


0 3 4 
1 2 3 
2 3 4 


0 3 4 
1 2 3 
2 3 4 


0 1 4 
1 2 3 
2 3 4 


0 1 2 
1 2 3 
2 3 4 


0 1 2 
1 2 3 
2 3 4 


0 1 2 
1 2 3 
2 3 4 


0 1 2 
1 2 3 
2 3 4 


0 1 2 
1 2 3 
2 3 4 


0 1 2 
1 2 3 
2 3 4 


0 1 2 
1 2 3 
2 3 4 


0